[gd_scene load_steps=21 format=3 uid="uid://cccv8irl2q7ib"]

[ext_resource type="PackedScene" uid="uid://bmmycsng0udaj" path="res://resources/enemies/birdmonster/birdmonster.glb" id="1_f15wt"]
[ext_resource type="PackedScene" uid="uid://bdho2y5dmldub" path="res://scenes/enemies/Hitbox.tscn" id="2_71ybh"]
[ext_resource type="PackedScene" uid="uid://bdchk02q1bgq0" path="res://scenes/effects/spot_icon.tscn" id="2_vwsel"]
[ext_resource type="PackedScene" uid="uid://bsk64cnglx6w4" path="res://scenes/components/HealthManager.tscn" id="4_64uyp"]
[ext_resource type="Script" path="res://scenes/enemies/melee/EnemyV2.gd" id="4_oklms"]
[ext_resource type="Script" path="res://scenes/components/AimAtObject.gd" id="6_njw0l"]
[ext_resource type="PackedScene" uid="uid://cldf3m78csky6" path="res://scenes/components/weapons/MeleeDamagePoint.tscn" id="7_b44sx"]
[ext_resource type="AudioStream" uid="uid://brmi2w33obwuo" path="res://sounds/weapons/enemyKill.wav" id="8_ot4wk"]

[sub_resource type="CapsuleShape3D" id="CapsuleShape3D_m053w"]
radius = 0.4

[sub_resource type="CapsuleShape3D" id="CapsuleShape3D_pjfvb"]
radius = 0.08
height = 0.5

[sub_resource type="CapsuleShape3D" id="CapsuleShape3D_l7rd7"]
radius = 0.08
height = 0.564559

[sub_resource type="CapsuleShape3D" id="CapsuleShape3D_kba6p"]
radius = 0.08
height = 0.5

[sub_resource type="CapsuleShape3D" id="CapsuleShape3D_qalac"]
radius = 0.08
height = 0.3

[sub_resource type="CapsuleShape3D" id="CapsuleShape3D_33ra6"]

[sub_resource type="CapsuleShape3D" id="CapsuleShape3D_w56p5"]

[sub_resource type="SphereShape3D" id="SphereShape3D_jhq0g"]
radius = 0.27017

[sub_resource type="CapsuleShape3D" id="CapsuleShape3D_l3kyw"]
height = 1.07623

[sub_resource type="CapsuleShape3D" id="CapsuleShape3D_025xf"]

[sub_resource type="CapsuleShape3D" id="CapsuleShape3D_yor1s"]

[sub_resource type="CapsuleShape3D" id="CapsuleShape3D_83dgt"]

[node name="DemogorgonEnemy" type="CharacterBody3D" groups=["enemy", "melee"]]
collision_layer = 2
collision_mask = 3
axis_lock_angular_x = true
axis_lock_angular_z = true
script = ExtResource("4_oklms")
FOLLOW_RANGE = 10.0

[node name="CollisionShape3D" type="CollisionShape3D" parent="."]
transform = Transform3D(1, 0, 0, 0, 1, 0, 0, 0, 1, 0, 1, 0)
shape = SubResource("CapsuleShape3D_m053w")

[node name="SpotIcon" parent="." instance=ExtResource("2_vwsel")]
transform = Transform3D(0.5, 0, 0, 0, 0.5, 0, 0, 0, 0.5, 0, 2, 0)

[node name="Model" parent="." instance=ExtResource("1_f15wt")]
transform = Transform3D(1, 0, 0, 0, 1, 0, 0, 0, 1, 0, 0.04817, 0)

[node name="Skeleton3D" parent="Model/Armature" index="0"]
bones/1/rotation = Quaternion(0.0908184, 1.18717e-07, 1.08264e-08, 0.995867)
bones/2/rotation = Quaternion(-0.0414137, -0.112769, -0.931904, 0.342233)
bones/3/rotation = Quaternion(0.138149, -0.05504, -0.315538, 0.937188)
bones/4/rotation = Quaternion(-0.0414139, 0.112769, 0.931904, 0.342233)
bones/5/rotation = Quaternion(0.138149, 0.05504, 0.315538, 0.937188)

[node name="ArmUpperL" type="BoneAttachment3D" parent="Model/Armature/Skeleton3D" index="1"]
transform = Transform3D(-0.762323, 0.647196, 7.9033e-07, -0.646072, -0.760999, 0.0589264, 0.0381376, 0.0449205, 0.998262, 0.176714, 1.50515, 0.0672013)
bone_name = "upper_arm.l"
bone_idx = 2

[node name="Hitbox" parent="Model/Armature/Skeleton3D/ArmUpperL" instance=ExtResource("2_71ybh")]
transform = Transform3D(1, -5.96046e-08, -5.96046e-08, 1.49012e-08, 1, 0, 0, 0, 1, 0, 0, 0)

[node name="CollisionShape3D" type="CollisionShape3D" parent="Model/Armature/Skeleton3D/ArmUpperL/Hitbox"]
transform = Transform3D(1, -3.8743e-07, -1.19209e-07, 1.49012e-08, 1, -2.98023e-08, 0, 0, 1, 0, 0.155757, 1.19209e-07)
shape = SubResource("CapsuleShape3D_pjfvb")

[node name="ArmLowerL" type="BoneAttachment3D" parent="Model/Armature/Skeleton3D" index="2"]
transform = Transform3D(-0.998522, 0.0543443, 6.21264e-07, -0.0509083, -0.935395, 0.349921, 0.0190168, 0.349404, 0.936779, 0.456291, 1.17641, 0.0866061)
bone_name = "lower_arm.l"
bone_idx = 3

[node name="Hitbox" parent="Model/Armature/Skeleton3D/ArmLowerL" instance=ExtResource("2_71ybh")]

[node name="CollisionShape3D" type="CollisionShape3D" parent="Model/Armature/Skeleton3D/ArmLowerL/Hitbox"]
transform = Transform3D(1, -1.49012e-08, -1.77636e-15, 1.49012e-08, 1, 2.98023e-08, 1.33227e-15, -2.98023e-08, 1, 0, 0.2, 0)
shape = SubResource("CapsuleShape3D_pjfvb")

[node name="CollisionShape3D2" type="CollisionShape3D" parent="Model/Armature/Skeleton3D/ArmLowerL/Hitbox"]
transform = Transform3D(0.385789, 0.344005, 0.0139494, -0.159649, 0.831282, 0.033709, 6.70552e-08, -0.0817162, 0.401635, 0.0591116, 0.60923, -0.0377557)
shape = SubResource("CapsuleShape3D_pjfvb")

[node name="CollisionShape3D3" type="CollisionShape3D" parent="Model/Armature/Skeleton3D/ArmLowerL/Hitbox"]
transform = Transform3D(0.385789, 0.329086, -0.0468613, -0.159649, 0.79523, -0.113239, 5.21541e-08, 0.274514, 0.384216, 0.0547971, 0.563428, 0.1106)
shape = SubResource("CapsuleShape3D_pjfvb")

[node name="CollisionShape3D4" type="CollisionShape3D" parent="Model/Armature/Skeleton3D/ArmLowerL/Hitbox"]
transform = Transform3D(0.385789, 0.296468, 0.0791366, -0.159649, 0.716409, 0.191233, 5.21541e-08, -0.463584, 0.346134, 0.0600622, 0.533887, -0.158279)
shape = SubResource("CapsuleShape3D_pjfvb")

[node name="ArmUpperR" type="BoneAttachment3D" parent="Model/Armature/Skeleton3D" index="3"]
transform = Transform3D(-0.762323, -0.647196, -7.81742e-07, 0.646071, -0.760999, 0.0589264, -0.0381375, 0.0449204, 0.998262, -0.176714, 1.50515, 0.0672013)
bone_name = "upper_arm.r"
bone_idx = 4

[node name="Hitbox" parent="Model/Armature/Skeleton3D/ArmUpperR" instance=ExtResource("2_71ybh")]

[node name="CollisionShape3D" type="CollisionShape3D" parent="Model/Armature/Skeleton3D/ArmUpperR/Hitbox"]
transform = Transform3D(1, 1.49012e-08, 0, 0, 1, 0, -5.96046e-08, 5.96046e-08, 1, -1.19209e-07, 0.0940068, 1.19209e-07)
shape = SubResource("CapsuleShape3D_l7rd7")

[node name="ArmLowerR" type="BoneAttachment3D" parent="Model/Armature/Skeleton3D" index="4"]
transform = Transform3D(-0.998522, -0.0543442, -6.72661e-07, 0.050908, -0.935395, 0.349921, -0.0190168, 0.349404, 0.936779, -0.456291, 1.17641, 0.0866061)
bone_name = "lower_arm.r"
bone_idx = 5

[node name="Hitbox" parent="Model/Armature/Skeleton3D/ArmLowerR" instance=ExtResource("2_71ybh")]

[node name="CollisionShape3D" type="CollisionShape3D" parent="Model/Armature/Skeleton3D/ArmLowerR/Hitbox"]
transform = Transform3D(0.632465, 0, -5.58794e-09, 9.31323e-09, 1, -2.98023e-08, -3.91155e-08, 8.9407e-08, 1, -1.19209e-07, 0.250036, 1.19209e-07)
shape = SubResource("CapsuleShape3D_kba6p")

[node name="CollisionShape3D2" type="CollisionShape3D" parent="Model/Armature/Skeleton3D/ArmLowerR/Hitbox"]
transform = Transform3D(0.613479, -0.434823, -3.72529e-09, 0.203459, 1.3111, -8.9407e-08, 0, 0, 0.659662, -0.0507055, 0.583394, 0.00950873)
shape = SubResource("CapsuleShape3D_qalac")

[node name="CollisionShape3D3" type="CollisionShape3D" parent="Model/Armature/Skeleton3D/ArmLowerR/Hitbox"]
transform = Transform3D(0.613479, -0.403882, 0.0769307, 0.203459, 1.2178, -0.231965, 7.45058e-09, 0.511747, 0.612721, -0.0497777, 0.580596, 0.125837)
shape = SubResource("CapsuleShape3D_qalac")

[node name="CollisionShape3D4" type="CollisionShape3D" parent="Model/Armature/Skeleton3D/ArmLowerR/Hitbox"]
transform = Transform3D(0.613479, -0.376575, -0.10382, 0.203459, 1.13547, 0.313044, 2.23517e-08, -0.690618, 0.571295, -0.0336136, 0.531857, -0.163944)
shape = SubResource("CapsuleShape3D_qalac")

[node name="Hip" type="BoneAttachment3D" parent="Model/Armature/Skeleton3D" index="5"]
transform = Transform3D(1, 0, 0, 0, 1, 0, 0, 0, 1, 0, 0.915201, 0)
bone_name = "hip"
bone_idx = 0

[node name="Hitbox" parent="Model/Armature/Skeleton3D/Hip" instance=ExtResource("2_71ybh")]

[node name="CollisionShape3D" type="CollisionShape3D" parent="Model/Armature/Skeleton3D/Hip/Hitbox"]
transform = Transform3D(0.386952, 0, 0, 0, 0.0977848, 0, 0, 0, 0.319341, 0, 0.0900226, 0)
shape = SubResource("CapsuleShape3D_33ra6")

[node name="Body" type="BoneAttachment3D" parent="Model/Armature/Skeleton3D" index="6"]
transform = Transform3D(1, -1.77636e-15, 2.38418e-07, 4.31266e-08, 0.983504, -0.180886, -2.34486e-07, 0.180886, 0.983504, 0, 1.13977, 0)
bone_name = "body"
bone_idx = 1

[node name="Hitbox" parent="Model/Armature/Skeleton3D/Body" instance=ExtResource("2_71ybh")]
transform = Transform3D(1, 0, -1.42109e-14, 0, 1, 0, 0, 0, 1, 0, 0, 0)

[node name="CollisionShape3D" type="CollisionShape3D" parent="Model/Armature/Skeleton3D/Body/Hitbox"]
transform = Transform3D(0.323995, -1.77636e-14, -7.10543e-14, 1.77636e-15, 0.367933, 0, 7.10543e-15, -7.45058e-09, 0.376242, 0, 0.275527, 8.9407e-08)
shape = SubResource("CapsuleShape3D_w56p5")

[node name="Hitbox2" parent="Model/Armature/Skeleton3D/Body" instance=ExtResource("2_71ybh")]
transform = Transform3D(1, -7.10543e-15, -2.84217e-14, 0, 1, 0, 0, 0, 1, 0, 0, 0)
weak_spot = true

[node name="CollisionShape3D" type="CollisionShape3D" parent="Model/Armature/Skeleton3D/Body/Hitbox2"]
transform = Transform3D(0.323995, -4.79616e-14, -1.91847e-13, 1.77636e-15, 0.367933, 0, 7.10543e-15, -7.45058e-09, 0.376242, -1.42109e-13, 0.504302, 0.263532)
shape = SubResource("SphereShape3D_jhq0g")

[node name="LegUpperL" type="BoneAttachment3D" parent="Model/Armature/Skeleton3D" index="7"]
transform = Transform3D(-0.782999, 0.14838, 0.604046, 0.0548854, -0.95086, 0.304714, 0.619573, 0.271751, 0.736382, 0.131876, 0.936301, 1.36788e-07)
bone_name = "upperleg.l"
bone_idx = 6

[node name="Hitbox" parent="Model/Armature/Skeleton3D/LegUpperL" instance=ExtResource("2_71ybh")]

[node name="CollisionShape3D" type="CollisionShape3D" parent="Model/Armature/Skeleton3D/LegUpperL/Hitbox"]
transform = Transform3D(0.2, -2.98023e-08, -2.23517e-08, 2.6077e-08, 0.299518, 0.0113351, 5.21541e-08, -0.0170027, 0.199679, 0.012, 0.240702, 0.0162386)
shape = SubResource("CapsuleShape3D_l3kyw")

[node name="LegLowerL" type="BoneAttachment3D" parent="Model/Armature/Skeleton3D" index="8"]
transform = Transform3D(-0.786345, -0.178843, 0.591314, 0.0264683, -0.966051, -0.256987, 0.617196, -0.186426, 0.76439, 0.193832, 0.539271, 0.113469)
bone_name = "lowerleg.l"
bone_idx = 7

[node name="Hitbox" parent="Model/Armature/Skeleton3D/LegLowerL" instance=ExtResource("2_71ybh")]

[node name="CollisionShape3D" type="CollisionShape3D" parent="Model/Armature/Skeleton3D/LegLowerL/Hitbox"]
transform = Transform3D(0.2, -2.98023e-08, 2.98023e-08, 2.04891e-08, 0.3, -1.30385e-08, 2.23517e-08, 1.86265e-08, 0.2, -0.00395868, 0.299646, 0.0036101)
shape = SubResource("CapsuleShape3D_025xf")

[node name="LegUpperR" type="BoneAttachment3D" parent="Model/Armature/Skeleton3D" index="9"]
transform = Transform3D(-0.782998, -0.148381, -0.604045, -0.0548847, -0.950859, 0.304716, -0.619573, 0.271751, 0.736382, -0.131876, 0.936301, 1.36788e-07)
bone_name = "upperleg.r"
bone_idx = 8

[node name="Hitbox" parent="Model/Armature/Skeleton3D/LegUpperR" instance=ExtResource("2_71ybh")]

[node name="CollisionShape3D" type="CollisionShape3D" parent="Model/Armature/Skeleton3D/LegUpperR/Hitbox"]
transform = Transform3D(0.2, -2.23517e-08, -5.96046e-08, 1.86265e-08, 0.3, -2.23517e-08, 5.96046e-08, 3.35276e-08, 0.2, -2.6077e-08, 0.202972, -0.00397694)
shape = SubResource("CapsuleShape3D_yor1s")

[node name="LegLowerR" type="BoneAttachment3D" parent="Model/Armature/Skeleton3D" index="10"]
transform = Transform3D(-0.786344, 0.178841, -0.591314, -0.0264676, -0.966051, -0.256985, -0.617197, -0.186425, 0.76439, -0.193832, 0.539271, 0.11347)
bone_name = "lowerleg.r"
bone_idx = 9

[node name="Hitbox" parent="Model/Armature/Skeleton3D/LegLowerR" instance=ExtResource("2_71ybh")]

[node name="CollisionShape3D" type="CollisionShape3D" parent="Model/Armature/Skeleton3D/LegLowerR/Hitbox"]
transform = Transform3D(0.2, -1.49012e-08, 2.23517e-08, 1.86265e-09, 0.3, -7.45058e-09, 0, 1.11759e-08, 0.2, 0, 0.292213, 4.47035e-08)
shape = SubResource("CapsuleShape3D_83dgt")

[node name="HealthManager" parent="." instance=ExtResource("4_64uyp")]

[node name="NavigationAgent3D" type="NavigationAgent3D" parent="."]
path_desired_distance = 2.0
target_desired_distance = 2.0
path_height_offset = 2.0
avoidance_enabled = true
debug_enabled = true

[node name="AimAtObject" type="Marker3D" parent="."]
transform = Transform3D(1, 0, 0, 0, 1, 0, 0, 0, 1, 0, 1.16842, 0.71847)
script = ExtResource("6_njw0l")

[node name="MeleeDamagePoint" parent="AimAtObject" instance=ExtResource("7_b44sx")]
transform = Transform3D(1, 0, 0, 0, 1, 0, 0, 0, 1, 0, 0, 0.354)

[node name="AudioEnemyKill" type="AudioStreamPlayer3D" parent="."]
stream = ExtResource("8_ot4wk")
max_distance = 40.0
bus = &"SFX"

[node name="RoamTimer" type="Timer" parent="."]

[node name="IdleTimer" type="Timer" parent="."]

[editable path="Model"]
